tensor([[[ -2.3375,   1.3265,  -3.4412,  ...,   0.6494,  -3.6432,   4.7710],
         [ -3.1407,  -0.6261,  -1.5157,  ...,  -1.2782,  -8.2517,  -1.6202],
         [ -4.3455,  -2.5346,  -1.8975,  ...,   0.3467,  -6.0904,   0.3864],
         ...,
         [ -2.2732,  21.5525,  -3.8415,  ...,   2.3250,  -4.1808,   2.2049],
         [ -2.2727,  21.5485,  -3.8427,  ...,   2.3280,  -4.1781,   2.2039],
         [ -2.2718,  21.5456,  -3.8426,  ...,   2.3312,  -4.1780,   2.2051]],

        [[ -2.2671,  -0.0582,  -0.4836,  ..., -11.8075, -13.9899,   7.3359],
         [ -2.3563,  -0.2299,   0.9177,  ...,  -7.8504,  -4.2945,  -1.7295],
         [ -2.9789,  -4.7824,   0.8862,  ...,  -0.5037,  -2.0415,   1.6088],
         ...,
         [ -3.3975,   7.3564,  -3.6640,  ..., -11.6694,  -4.8380,   1.5435],
         [ -2.8043,  19.6254,  -2.2512,  ...,  -4.6216,  -1.3097,  -2.1428],
         [ -2.0606,  25.5347,  -4.8103,  ...,  -3.5314,  -4.6442,  -0.2032]],

        [[ -1.3485,  -2.6006,  -1.0964,  ...,  -9.3221,  -9.3981,  11.0223],
         [ -3.6008,  -3.8317,  -1.3029,  ...,  12.1316,   0.7441,  -0.0391],
         [ -4.2013,  -7.9739,  -1.7247,  ...,   3.2683,  -5.0287,   7.7006],
         ...,
         [ -5.6102,  -0.1145,  -4.6017,  ...,   2.4423,  -7.7299,   2.8050],
         [ -5.3308,  -0.3968,  -1.8820,  ...,  17.2090,  -6.9325,  -0.3179],
         [ -5.2609,  -1.5324,  -3.1507,  ...,  11.2187,  -8.7401,   1.7596]],

        ...,

        [[ -2.5299,   0.9879,  -2.5771,  ...,  -3.6842,  -7.8289,   3.1041],
         [ -3.5583,  -2.5892,  -4.4169,  ...,   3.6763,  -7.0442,   4.7955],
         [ -3.7769,  -4.8435,  -2.9397,  ...,  -6.2769,  -5.5030,  -1.5905],
         ...,
         [ -2.2166,  23.1542,  -3.9484,  ...,   1.7706,  -4.7617,  -3.5498],
         [ -2.2288,  23.0122,  -3.7301,  ...,   2.0306,  -4.6292,  -3.7766],
         [ -2.2090,  23.2628,  -3.7986,  ...,   1.9540,  -4.6425,  -3.6552]],

        [[ -2.9012,  -0.2988,  -2.8093,  ...,   3.8199,   0.1108,  10.7279],
         [ -4.1541,  -2.9729,  -6.0250,  ...,   2.9143,   5.2237,  11.5620],
         [ -4.6515,  -6.6985,  -7.7244,  ...,  -6.3126,  -3.5712,   4.1657],
         ...,
         [ -3.4565,   4.0387,  -8.1887,  ...,  -3.2398,  -1.7872,  -3.9898],
         [ -2.9657,   6.5046,  -3.9332,  ...,  -8.8759,  -4.8153,  -2.3066],
         [ -2.8662,  18.9451,  -5.9989,  ...,  -3.0344,  -6.0660,  -1.6449]],

        [[ -2.8725,   0.7169,  -7.2661,  ...,  -4.9883,   3.2233,   1.7773],
         [ -2.4812,   1.3693,  -6.2472,  ...,   1.3864,   3.9147,   2.4278],
         [ -4.2301,  -6.5979,  -0.4848,  ...,  -7.0778,  -1.2923,   1.9618],
         ...,
         [ -2.6184,  20.9464,  -4.6122,  ...,  -2.0737,  -5.4095,   0.4926],
         [ -2.6803,  19.2331,  -4.2049,  ...,  -1.4813,  -4.2281,   0.0563],
         [ -2.7720,  18.5947,  -4.0979,  ...,  -1.4853,  -4.4055,   0.2923]]])